taxon_name_Stace,kew_id,C_num,S_num,R_num,predicted_CSR
Abies alba,60468511-2,8.96,91.04,0,S
Acacia melanoxylon,470873-1,29.81,51.28,18.91,S/CSR
Acer campestre,781250-1,33.98,51.22,14.8,CS/CSR
Acer negundo,781412-1,44.37,33.75,21.88,CS/CSR
Acer platanoides,781455-1,44.02,39.7,16.28,CS/CSR
Acer pseudoplatanus,781462-1,47.33,40.43,12.25,CS/CSR
Achillea maritima,77067622-1,23.85,0,76.15,R/CR
Achillea millefolium,2294-2,29.27,45.44,25.29,S/CSR
Achillea ptarmica,2336-2,12.81,0,87.19,R
Aconitum napellus,707615-1,58.87,8.93,32.2,C/CR
Acorus calamus,84009-1,45,20.32,34.68,CR/CSR
Actaea spicata,303913-2,61.48,9.06,29.46,C/CR
Adoxa moschatellina,148240-1,39.11,0,60.89,CR
Aegopodium podagraria,5849-2,59.48,16.12,24.41,C/CSR
Aesculus hippocastanum,781594-1,50.59,38.77,10.65,CS
Aethusa cynapium,837341-1,49.08,8.21,42.7,CR
Agrimonia eupatoria,316550-2,44.46,39.57,15.97,CS/CSR
Agrimonia procera,720304-1,54.62,29.42,15.96,C/CSR
Agrostemma githago,150316-1,36.43,48.08,15.49,CS/CSR
Agrostis canina,385537-1,2.94,48.14,48.92,SR
Agrostis capillaris,30197865-2,9.24,44.36,46.4,SR
Agrostis curtisii,385626-1,1.27,64.56,34.16,S/SR
Agrostis gigantea,385783-1,12.51,44.32,43.17,SR/CSR
Agrostis stolonifera,386353-1,9,49.67,41.33,SR
Agrostis vinealis,386503-1,8.68,69.42,21.9,S/SR
Ailanthus altissima,813521-1,60.53,12.92,26.55,C/CSR
Aira caryophyllea,386633-1,0,57.3,42.7,SR
Aira praecox,386818-1,0,57.1,42.9,SR
Ajuga chamaepitys,444546-1,8.25,0,91.75,R
Ajuga pyramidalis,444657-1,35.87,19.13,45,CR/CSR
Ajuga reptans,444664-1,37.78,4.1,58.12,CR
Alcea rosea,558713-1,72.39,14.43,13.18,C/CS
Alchemilla alpina,720359-1,14.71,69.22,16.07,S/SR
Alchemilla filicaulis,8074-2,27.26,45.78,26.96,S/CSR
Alchemilla glabra,720597-1,28.8,37.24,33.96,CSR
Alchemilla glaucescens,720605-1,33.92,41.4,24.68,CS/CSR
Alchemilla mollis,720776-1,60.01,24.15,15.84,C/CSR
Alchemilla monticola,20011043-1,45.08,29.96,24.97,C/CSR
Alchemilla subcrenata,721160-1,41.79,26.34,31.87,CSR
Alchemilla xanthochlora,721091-1,53.18,25.97,20.85,C/CSR
Alisma lanceolatum,1047073-2,43.96,0,56.04,CR
Alisma plantago-aquatica,30019518-2,69.64,0,30.36,C/CR
Alliaria petiolata,1176324-2,52.14,0,47.86,CR
Allium carinatum,527777-1,40.06,0,59.94,CR
Allium oleraceum,528525-1,77.94,0,22.06,C/CR
Allium paradoxum,528578-1,44.43,0,55.57,CR
Allium schoenoprasum,528823-1,10.04,89.96,0,S
Allium scorodoprasum,528834-1,11.04,88.96,0,S
Allium sphaerocephalon,528894-1,46.68,53.32,0,CS
Allium ursinum,529088-1,54.01,0,45.99,CR
Allium vineale,529111-1,46.46,4.56,48.99,CR
Alnus glutinosa,30036759-2,38.11,45.16,16.73,CS/CSR
Alnus incana,30106706-2,42.22,30.51,27.27,CSR
Alopecurus aequalis,387005-1,21.74,9.9,68.36,R/CR
Alopecurus geniculatus,387091-1,12.58,30.3,57.11,R/CSR
Alopecurus myosuroides,387143-1,16.79,41.89,41.32,SR/CSR
Alopecurus pratensis,387176-1,27.31,42.62,30.07,CSR
Althaea officinalis,558872-1,47.94,18.87,33.19,CR/CSR
Alyssum alyssoides,277314-1,0.34,38.5,61.16,SR
Amaranthus blitum,10619-2,16.88,0,83.12,R/CR
Amaranthus caudatus,316347-2,61.15,6.77,32.08,C/CR
Amaranthus retroflexus,10698-2,51.92,24.36,23.71,C/CSR
Ambrosia artemisiifolia,176058-1,31.95,33.56,34.49,CSR
Ambrosia psilostachya,30153070-2,22.75,38.68,38.57,SR/CSR
Ambrosia trifida,315739-2,59.45,9.86,30.68,C/CSR
Amelanchier lamarckii,721221-1,26.34,67.29,6.37,S/CS
Ammi majus,837486-1,6.46,0,93.54,R
Ammophila arenaria,1141132-2,36.09,63.91,0,S/CS
Anacamptis morio,998308-1,25.65,0,74.35,R/CR
Anacamptis pyramidalis,615773-1,30.92,0,69.08,R/CR
Anaphalis margaritacea,30173179-2,27.39,51.79,20.81,S/CSR
Anchusa azurea,113203-1,65.04,0,34.96,C/CR
Anchusa officinalis,113312-1,47.01,0,52.99,CR
Andromeda polifolia,30021967-2,3.02,96.98,0,S
Anemone nemorosa,13472-2,43.59,17.53,38.88,CR/CSR
Anemone ranunculoides,13507-2,33.69,9.21,57.1,CR
Anethum graveolens,837530-1,47.09,1,51.91,CR
Angelica archangelica,837560-1,81.6,8.41,9.99,C
Angelica sylvestris,837777-1,70.25,12.77,16.99,C/CR
Antennaria dioica,30111520-2,3.74,54.2,42.06,SR
Anthemis arvensis,177158-1,25.03,0,74.97,R/CR
Anthemis cotula,177259-1,58,0.85,41.15,CR
Anthoxanthum aristatum,388999-1,15.29,30.32,54.39,R/CSR
Anthoxanthum odoratum,389034-1,24.42,35.75,39.83,SR/CSR
Anthriscus caucalis,837912-1,45.87,6.37,47.76,CR
Anthriscus cerefolium,837913-1,31.83,10.38,57.79,R/CSR
Anthriscus sylvestris,837969-1,59.81,10.2,29.99,C/CSR
Anthyllis vulneraria,474795-1,36.21,11.73,52.06,CR/CSR
Antirrhinum majus,799180-1,33.05,0,66.95,R/CR
Apera interrupta,389070-1,0.9,41.65,57.44,SR
Apera spica-venti,1122912-2,24.7,42.59,32.71,SR/CSR
Aphanes arvensis,721514-1,1.68,61.45,36.87,SR
Aphanes australis,15934-2,7.63,25.69,66.67,R/SR
Apium graveolens,838067-1,72.63,0.67,26.7,C/CR
Aquilegia vulgaris,306409-2,49.88,25.91,24.22,C/CSR
Arabidopsis arenosa,277940-1,9.56,28.15,62.29,R/SR
Arabidopsis thaliana,277970-1,18.1,0,81.9,R/CR
Arabis hirsuta,278269-1,18.92,0.21,80.86,R/CR
Aralia chinensis,89608-1,22.44,50.2,27.37,S/CSR
Aralia elata,89629-1,53.14,18.98,27.88,C/CSR
Arbutus unedo,326526-1,32.57,67.43,0,S/CS
Arctium lappa,178385-1,76.25,4.43,19.32,C/CR
Arctium minus,178406-1,86.99,1.66,11.35,C
Arctium nemorosum,77072591-1,86.49,0,13.51,C
Arctostaphylos uva-ursi,1024084-2,15.08,84.92,0,S
Arenaria serpyllifolia,303826-2,0,62.69,37.31,S/SR
Aristolochia clematitis,92841-1,55.73,28.75,15.51,C/CSR
Armeria maritima,19793-2,12.42,33.28,54.3,R/CSR
Armoracia rusticana,278747-1,87.55,3.17,9.28,C
Arnoseris minima,140538-3,35.36,0,64.64,R/CR
Arrhenatherum elatius,389923-1,24.23,34.27,41.5,SR/CSR
Artemisia absinthium,300106-2,32.98,22.35,44.67,CR/CSR
Artemisia annua,304416-2,23.3,26.12,50.58,R/CSR
Artemisia campestris,309140-2,12.23,54.5,33.27,S/CSR
Artemisia dracunculus,307848-2,10.63,45.5,43.87,SR
Artemisia maritima,179785-1,28.44,51.99,19.57,S/CSR
Artemisia norvegica,301762-2,34.27,62.62,3.1,S/CS
Artemisia vulgaris,20812-2,42.8,19.01,38.2,CR/CSR
Arum maculatum,86067-1,64.39,0,35.61,C/CR
Aruncus dioicus,20973-2,78.24,4.89,16.87,C/CR
Asarum europaeum,302682-2,50.22,4.88,44.9,CR
Asparagus officinalis,531229-1,0,91.9,8.1,S
Asperula arvensis,743883-1,0,65.15,34.85,S/SR
Asperula cynanchica,743955-1,0,71.85,28.15,S/SR
Asphodelus albus,531456-1,31.07,68.93,0,S/CS
Asplenium ruta-muraria,311563-2,10.24,74.46,15.3,S/SR
Asplenium scolopendrium,30216020-2,66.06,17.76,16.17,C/CS
Asplenium septentrionale,304469-2,15.98,84.02,0,S
Asplenium trichomanes,310197-2,26.46,50.64,22.9,S/CSR
Astragalus alpinus,24418-2,14.81,34.62,50.57,SR/CSR
Astragalus danicus,477044-1,13.2,50.06,36.74,SR/CSR
Astragalus glycyphyllos,477635-1,39.8,25.18,35.02,CSR
Astrantia major,838340-1,66.78,6.41,26.81,C/CR
Athyrium filix-femina,30055316-2,73.28,11.83,14.89,C/CR
Atriplex glabriuscula,26334-2,66.5,1.78,31.72,C/CR
Atriplex halimus,163845-1,29.28,0,70.72,R/CR
Atriplex laciniata,163905-1,45.56,26,28.44,C/CSR
Atriplex littoralis,308388-2,58.89,0,41.11,CR
Atriplex patula,26419-2,53.37,0,46.63,CR
Atriplex pedunculata,164046-1,19.83,8.49,71.68,R/CR
Atriplex portulacoides,164072-1,74.47,2.15,23.38,C/CR
Atriplex prostrata,60448217-2,70.43,0,29.57,C/CR
Atriplex sagittata,164128-1,39.94,29.63,30.43,CSR
Atropa belladonna,814358-1,58.4,0,41.6,CR
Avena barbata,391337-1,17.76,48.13,34.11,SR/CSR
Avena fatua,391443-1,43.27,32.1,24.64,CS/CSR
Avena sativa,391732-1,58.44,5.18,36.38,CR
Avena sterilis,391787-1,27.3,15.36,57.35,R/CSR
Avena strigosa,391799-1,40.79,11.57,47.63,CR/CSR
Azolla filiculoides,17056950-1,23.42,0,76.58,R/CR
Baldellia ranunculoides,58276-1,30.6,0,69.4,R/CR
Ballota nigra,444976-1,26.14,32.56,41.3,CSR
Barbarea intermedia,278866-1,48.74,0,51.26,CR
Barbarea stricta,278905-1,26.22,0,73.78,R/CR
Barbarea vulgaris,29455-2,55.64,2.18,42.18,CR
Bartsia alpina,273085-2,19.16,31.18,49.66,R/CSR
Bassia scoparia,164422-1,8.07,15.37,76.56,R/SR
Bellis perennis,184409-1,40.08,11.08,48.85,CR/CSR
Berberis vulgaris,328527-2,14.7,68.4,16.89,S/SR
Berteroa incana,278924-1,9.25,46.32,44.43,SR
Berula erecta,31836-2,57.18,0,42.82,CR
Beta vulgaris,164505-1,78.83,0.42,20.75,C/CR
Betula nana,301322-2,2.66,87.36,9.99,S
Betula pendula,295174-1,25.24,57.2,17.56,S/CSR
Betula pubescens,295185-1,21.61,49.84,28.55,S/CSR
Betula utilis,295229-1,34.09,37.61,28.3,CSR
Bidens cernua,184796-1,39.77,9.05,51.18,CR
Bidens connata,184825-1,29.4,0,70.6,R/CR
Bidens frondosa,315743-2,48.96,10,41.04,CR
Bidens tripartita,185293-1,45,0,55,CR
Blackstonia perfoliata,366508-1,13.82,26.65,59.53,R/CSR
Blechnum penna-marina,17059990-1,2.19,60.31,37.51,SR
Blechnum spicant,30079143-2,65.26,31.21,3.53,C/CS
Blysmus compressus,1144343-2,12.99,66.67,20.34,S/SR
Blysmus rufus,298083-1,2.87,95.81,1.32,S
Bolboschoenus maritimus,298094-1,38.91,49.33,11.75,CS/CSR
Borago officinalis,113618-1,58.09,0,41.91,CR
Botrychium lunaria,30021929-2,23.24,21.61,55.15,R/CSR
Brachypodium pinnatum,393166-1,21.1,47.74,31.15,S/CSR
Brachypodium sylvaticum,393196-1,27.96,32.79,39.26,CSR
Brassica carinata,279278-1,77.45,0,22.55,C/CR
Brassica elongata,279314-1,31.59,33.97,34.44,CSR
Brassica juncea,60442520-2,67.72,0,32.28,C/CR
Brassica napus,279419-1,77.2,0,22.8,C/CR
Brassica nigra,279422-1,65.23,0,34.77,C/CR
Brassica oleracea,279435-1,51.88,0,48.12,CR
Brassica rapa,279485-1,64.53,0,35.47,C/CR
Briza media,393294-1,14.36,52.23,33.41,SR/CSR
Bromus arvensis,393536-1,25.86,42.2,31.94,CSR
Bromus hordeaceus,30016331-2,7.1,50.83,42.07,SR
Bromus japonicus,60459493-2,13.11,48.07,38.81,SR/CSR
Bromus lanceolatus,393818-1,4.65,47.74,47.61,SR
Bromus racemosus,394050-1,44.93,6.71,48.35,CR
Bromus secalinus,394095-1,32.37,42.08,25.55,CSR
Buddleja davidii,545734-1,40.55,44,15.45,CS/CSR
Buglossoides arvensis,113724-1,4.5,70.88,24.62,S/SR
Bunias orientalis,279703-1,66.63,0,33.37,C/CR
Bunium bulbocastanum,838875-1,45.34,0,54.66,CR
Buphthalmum salicifolium,186459-1,26.44,29,44.56,R/CSR
Bupleurum falcatum,839147-1,20.27,51.12,28.6,S/CSR
Bupleurum rotundifolium,38361-2,34.08,33.48,32.44,CSR
Bupleurum tenuissimum,839434-1,5.92,15.32,78.77,R/SR
Butomus umbellatus,58290-1,27.53,71.51,0.96,S/CS
Buxus sempervirens,340317-1,7.49,92.51,0,S
Calamagrostis canescens,77145450-1,16.38,63.71,19.91,S/CSR
Calamagrostis epigejos,394433-1,28.61,51.27,20.12,S/CSR
Calamagrostis purpurea,394764-1,25.15,39.38,35.47,CSR
Calendula arvensis,187819-1,34.84,0,65.16,R/CR
Calla palustris,86508-1,65.16,0,34.84,C/CR
Callitriche palustris,42511-2,2.57,0,97.43,R
Callitriche platycarpa,330921-2,0.6,0,99.4,R
Callitriche stagnalis,430045-1,0,0,100,R
Calluna vulgaris,327305-1,0,85.9,14.1,S
Caltha palustris,42867-2,66.59,0,33.41,C/CR
Calystegia pulchra,265687-1,62.86,12.07,25.07,C/CR
Calystegia sepium,30033025-2,32.91,12.1,54.98,R/CSR
Calystegia silvatica,143196-3,43.38,23.98,32.64,CR/CSR
Camelina microcarpa,279860-1,36.24,0,63.76,R/CR
Camelina sativa,279870-1,28.58,0,71.42,R/CR
Campanula glomerata,140364-1,28.75,27.24,44.01,R/CSR
Campanula latifolia,140562-1,47.97,0,52.03,CR
Campanula patula,140798-1,20.52,0,79.48,R/CR
Campanula persicifolia,140828-1,34.18,26.37,39.45,CSR
Campanula rapunculoides,140949-1,36.44,0,63.56,R/CR
Campanula rapunculus,140952-1,22.29,0,77.71,R/CR
Campanula rotundifolia,30036649-2,4.5,41.95,53.55,SR
Campanula trachelium,141236-1,39.48,0,60.52,CR
Cannabis sativa,306087-2,44.44,23.09,32.46,CR/CSR
Capsella bursa-pastoris,30092589-2,35.1,0,64.9,R/CR
Cardamine amara,280132-1,40.67,0,59.33,CR
Cardamine bulbifera,280205-1,49.89,0,50.11,CR
Cardamine flexuosa,45189-2,24.82,0,75.18,R/CR
Cardamine heptaphylla,280365-1,73.36,0,26.64,C/CR
Cardamine hirsuta,280380-1,22.49,0,77.51,R/CR
Cardamine impatiens,280391-1,8.48,47.31,44.21,SR
Cardamine pratensis,45334-2,35.32,17.8,46.87,CR/CSR
Carduus acanthoides,188363-1,67.72,0,32.28,C/CR
Carduus crispus,188569-1,62.95,0,37.05,C/CR
Carduus nutans,188890-1,74.91,0,25.09,C/CR
Carduus pycnocephalus,188996-1,23.57,60.33,16.1,S/CSR
Carex acuta,30197372-2,36.19,46.54,17.28,CS/CSR
Carex acutiformis,298427-1,48.4,38.64,12.97,CS/CSR
Carex appropinquata,298604-1,21.89,52.11,26,S/CSR
Carex aquatilis,298610-1,24.01,61.47,14.53,S/CSR
Carex arenaria,298633-1,18.55,69,12.44,S/CS
Carex atrata,30009416-2,16.35,51.77,31.88,S/CSR
Carex atrofusca,30016513-2,5.28,69.93,24.79,S/SR
Carex bigelowii,45854-2,13.02,68.18,18.8,S/SR
Carex buxbaumii,30070684-2,51.66,42.31,6.04,CS
Carex canescens,299030-1,15.53,41.09,43.39,SR/CSR
Carex capillaris,30074480-2,0.81,85.48,13.71,S
Carex caryophyllea,324492-2,9.02,66.99,23.99,S/SR
Carex cespitosa,298997-1,23.17,51.77,25.06,S/CSR
Carex chordorrhiza,299153-1,4.88,62.75,32.37,S/SR
Carex digitata,299459-1,18.04,36.06,45.9,SR/CSR
Carex dioica,330925-2,0.74,84.36,14.89,S
Carex distans,299497-1,12.59,55.44,31.97,S/CSR
Carex disticha,30089381-2,35.55,51.66,12.8,CS/CSR
Carex divisa,299516-1,4.78,95.22,0,S
Carex divulsa,299519-1,37.01,0,62.99,R/CR
Carex echinata,46120-2,9.15,69.36,21.49,S/SR
Carex elata,299596-1,36.71,57.59,5.69,CS
Carex elongata,299609-1,20.96,32.35,46.69,SR/CSR
Carex extensa,299690-1,7.95,92.05,0,S
Carex flacca,299756-1,18.65,62.43,18.93,S/CSR
Carex flava,30043428-2,15.55,44.57,39.88,SR/CSR
Carex hirta,300162-1,27.95,47.49,24.56,S/CSR
Carex hostiana,300208-1,6,70.48,23.52,S/SR
Carex humilis,300229-1,6.26,68.55,25.18,S/SR
Carex laevigata,300516-1,43.54,34.57,21.88,CS/CSR
Carex lasiocarpa,30041747-2,23.48,72.22,4.3,S/CS
Carex leporina,300627-1,13.59,53.07,33.34,S/CSR
Carex limosa,300678-1,4.34,55.65,40.01,SR
Carex magellanica,300842-1,10.2,46.05,43.75,SR
Carex montana,301056-1,12.95,53.9,33.15,S/CSR
Carex muricata,30028489-2,18.56,50.02,31.42,S/CSR
Carex nigra,30066383-2,10.41,61.7,27.89,S/SR
Carex ornithopoda,301357-1,14.69,51.9,33.41,SR/CSR
Carex pallescens,301409-1,23.8,54.11,22.09,S/CSR
Carex panicea,301423-1,13.1,61.9,25,S/CSR
Carex paniculata,30075588-2,41.08,43.53,15.39,CS/CSR
Carex pauciflora,301464-1,2.13,64.78,33.09,S/SR
Carex pendula,301492-1,60.68,31.49,7.83,C/CS
Carex pilulifera,301587-1,11.39,57.68,30.92,S/CSR
Carex pseudocyperus,301736-1,35.47,37.59,26.94,CSR
Carex pulicaris,301806-1,6.82,92.26,0.93,S
Carex punctata,301815-1,17.75,42.83,39.41,SR/CSR
Carex remota,301911-1,13.49,41.56,44.95,SR/CSR
Carex riparia,30019363-2,56.73,36.05,7.22,CS
Carex rostrata,302002-1,34.45,45.63,19.92,CS/CSR
Carex rupestris,302034-1,6.64,76.39,16.98,S/SR
Carex saxatilis,302087-1,15.33,72.14,12.53,S/CS
Carex spicata,302345-1,14.56,42.43,43.01,SR/CSR
Carex strigosa,302425-1,39.6,0,60.4,CR
Carex sylvatica,302516-1,21.24,49.32,29.44,S/CSR
Carex vaginata,302842-1,14.95,50.15,34.9,SR/CSR
Carex vesicaria,302885-1,25.5,52.74,21.76,S/CSR
Carex vulpina,302952-1,19.05,55.96,24.99,S/CSR
Carlina vulgaris,189321-1,33.6,6.34,60.06,R/CR
Carpinus betulus,295248-1,36.59,35.34,28.07,CSR
Carthamus tinctorius,324467-2,70.18,0,29.82,C/CR
Carum carvi,839677-1,40.32,13.06,46.63,CR/CSR
Castanea sativa,295349-1,47.85,42.56,9.58,CS
Catabrosa aquatica,395086-1,20.16,0,79.84,R/CR
Catananche caerulea,189609-1,44.3,0,55.7,CR
Catapodium marinum,395160-1,9.2,37.96,52.84,SR
Catapodium rigidum,395167-1,0.43,60.36,39.21,SR
Celastrus orbiculatus,927512-1,46.72,20.47,32.81,CR/CSR
Centaurea calcitrapa,330052-2,48.83,0.05,51.12,CR
Centaurea jacea,190753-1,44.55,22,33.46,CR/CSR
Centaurea montana,191037-1,56.48,0,43.52,CR
Centaurea nigra,191100-1,31.88,40.12,28,CSR
Centaurea scabiosa,191521-1,59.09,17.75,23.16,C/CSR
Centaurea solstitialis,191626-1,27.77,45.54,26.7,S/CSR
Centaurium erythraea,326619-2,10.89,43.54,45.57,SR/CSR
Centaurium littorale,366670-1,1.1,43.52,55.38,SR
Centaurium pulchellum,366702-1,0,10.15,89.85,R
Centranthus ruber,859275-1,57.28,0,42.72,CR
Cephalanthera damasonium,622369-1,41.16,0,58.84,CR
Cephalanthera longifolia,622389-1,29.26,17.57,53.18,R/CSR
Cerastium alpinum,302288-2,2.34,27.56,70.09,R/SR
Cerastium arvense,329786-2,0,56.54,43.46,SR
Cerastium cerastoides,52333-2,0,43.17,56.83,SR
Cerastium diffusum,152210-1,0,0,100,R
Cerastium fontanum,152255-1,10.64,0,89.36,R
Cerastium glomeratum,152274-1,17.41,0,82.59,R/CR
Cerastium pumilum,152552-1,0,0,100,R
Cerastium semidecandrum,152623-1,0,76.92,23.08,S/SR
Cerastium tomentosum,152715-1,8.66,36.87,54.47,SR
Ceratocapnos claviculata,913782-1,12.98,0,87.02,R
Ceratophyllum demersum,30006047-2,16.4,0,83.6,R/CR
Chaenorhinum minus,801401-1,6.07,0,93.93,R
Chaerophyllum hirsutum,840199-1,74.7,2.73,22.57,C/CR
Chaerophyllum temulum,840275-1,62.23,17.07,20.7,C/CSR
Chelidonium majus,303589-2,53.93,6.52,39.56,CR
Chenopodium album,55993-2,39.17,0,60.83,CR
Chenopodium ficifolium,164928-1,29.4,30.33,40.27,CSR
Chenopodium vulvaria,165311-1,15.82,14.86,69.32,R/CR
Chrysosplenium alternifolium,30303328-2,21.98,0,78.02,R/CR
Chrysosplenium oppositifolium,790635-1,15.74,0,84.26,R
Cicendia filiformis,366948-1,0,33.72,66.28,R/SR
Cichorium intybus,194533-1,61.51,6.61,31.88,C/CR
Cicuta virosa,840414-1,78.45,0,21.55,C/CR
Circaea alpina,58893-2,23.12,6.49,70.39,R/CR
Circaea lutetiana,611469-1,37.29,11.62,51.09,CR/CSR
Cirsium acaule,30076919-2,80.74,0,19.26,C/CR
Cirsium arvense,195034-1,63.96,7.61,28.43,C/CR
Cirsium dissectum,195275-1,60.84,0,39.16,CR
Cirsium eriophorum,195318-1,80.8,7.64,11.56,C
Cirsium heterophyllum,195465-1,69.29,0,30.71,C/CR
Cirsium oleraceum,195767-1,75.35,0,24.65,C/CR
Cirsium tuberosum,196145-1,84.83,5.81,9.36,C
Cirsium vulgare,196191-1,81.6,0,18.4,C/CR
Claytonia perfoliata,60021-2,23.62,0,76.38,R/CR
Clematis vitalba,319145-2,45.17,32.73,22.11,CS/CSR
Clematis viticella,710196-1,59,41,0,CS
Clinopodium acinos,445709-1,11.69,47.33,40.98,SR/CSR
Clinopodium nepeta,445833-1,5.08,58.75,36.17,SR
Clinopodium vulgare,61206-2,18.29,43.32,38.39,SR/CSR
Cochlearia anglica,281383-1,3.91,80.61,15.48,S/SR
Coincya monensis,912252-1,67.9,0,32.1,C/CR
Colchicum autumnale,533232-1,70.26,0,29.74,C/CR
Colutea arborescens,486805-1,35.68,42.45,21.87,CS/CSR
Comarum palustre,63773-2,44.86,36.08,19.06,CS/CSR
Conium maculatum,840668-1,74.47,6.13,19.4,C/CR
Conopodium majus,840717-1,24.64,18.94,56.41,R/CSR
Conringia orientalis,60455373-2,58.03,0,41.97,CR
Convallaria majalis,533487-1,50.17,12.78,37.05,CR/CSR
Convolvulus arvensis,265849-1,27.6,9.23,63.18,R/CR
Coreopsis tinctoria,198219-1,52.57,0,47.43,CR
Coriandrum sativum,840760-1,29.37,0,70.63,R/CR
Corispermum intermedium,165403-1,20.81,6.76,72.42,R/CR
Cornus mas,271612-1,33.69,24.81,41.49,CR/CSR
Cornus sanguinea,271661-1,26.35,50.91,22.73,S/CSR
Cornus sericea,66169-2,26.79,54.49,18.72,S/CSR
Cornus suecica,271681-1,15.46,12.65,71.89,R/CR
Corrigiola litoralis,326909-2,0,0,100,R
Corydalis cava,672129-1,49.1,0,50.9,CR
Corydalis solida,60454743-2,36.77,0,63.23,R/CR
Corylus avellana,295446-1,35.61,49.11,15.28,CS/CSR
Corynephorus canescens,396681-1,0.76,80.27,18.97,S/SR
Cota tinctoria,198407-1,22.59,34.36,43.05,SR/CSR
Cotinus coggygria,69498-1,22.63,58.39,18.97,S/CSR
Cotoneaster horizontalis,722522-1,1.6,92.78,5.62,S
Cotula coronopifolia,198443-1,13.72,0,86.28,R
Crambe maritima,281657-1,48.5,51.5,0,CS
Crataegus laevigata,723644-1,18.54,55.37,26.09,S/CSR
Crataegus monogyna,723820-1,16.63,72.73,10.64,S/CS
Crepis biennis,199715-1,60.11,0,39.89,CR
Crepis capillaris,199753-1,38.5,0,61.5,CR
Crepis foetida,199861-1,40.36,0,59.64,CR
Crepis paludosa,200127-1,45.18,0,54.82,CR
Crepis tectorum,200321-1,19.79,13.5,66.71,R/CR
Crepis vesicaria,200365-1,41.25,8.38,50.36,CR
Crithmum maritimum,840827-1,5.37,94.63,0,S
Cruciata laevipes,747959-1,5.17,37.28,57.55,SR
Cryptomeria japonica,261870-1,4.81,95.19,0,S
Cucurbita pepo,292416-1,86.42,0,13.58,C
Cymbalaria muralis,325773-2,37.33,0,62.67,R/CR
Cynodon dactylon,397065-1,10.54,39.45,50.01,SR
Cynoglossum officinale,115233-1,51.94,0,48.06,CR
Cynosurus cristatus,397168-1,41.68,26.84,31.48,CSR
Cyperus fuscus,330929-2,10.72,0,89.28,R
Cyperus longus,330932-2,31.37,28.03,40.6,CSR
Cystopteris fragilis,30013429-2,26.9,25.78,47.32,R/CSR
Cytisus scoparius,489963-1,0,59.08,40.92,SR
Dactylis glomerata,397309-1,34.46,32.91,32.62,CSR
Dactylorhiza fuchsii,626606-1,43.22,0,56.78,CR
Dactylorhiza incarnata,626620-1,47.13,0,52.87,CR
Dactylorhiza maculata,626641-1,48.06,0,51.94,CR
Danthonia decumbens,397531-1,11.74,66.11,22.15,S/SR
Daphne laureola,831270-1,31.87,36.04,32.09,CSR
Daphne mezereum,831294-1,18.13,32.56,49.31,R/CSR
Dasiphora fruticosa,724590-1,5.87,92.94,1.19,S
Datura stramonium,314738-2,74.23,0,25.77,C/CR
Daucus carota,841063-1,33.35,42.65,24,CS/CSR
Deschampsia cespitosa,397953-1,15.18,65.27,19.56,S/SR
Descurainia sophia,78248-2,24.4,28.9,46.7,R/CSR
Dianthus armeria,310755-2,6.8,56.84,36.36,SR
Dianthus barbatus,306674-2,35.81,32.94,31.24,CSR
Dianthus deltoides,302054-2,2.21,59.17,38.62,SR
Dianthus gratianopolitanus,153408-1,6.66,56.99,36.35,SR
Diapensia lapponica,316120-1,0,100,0,S
Digitalis lutea,802039-1,54.54,7.14,38.31,CR
Digitalis purpurea,802077-1,69.57,14.08,16.35,C/CR
Digitaria ischaemum,398891-1,8.37,10.23,81.4,R
Digitaria sanguinalis,399115-1,16.8,6.12,77.08,R/CR
Diphasiastrum alpinum,81292-2,6.89,93.11,0,S
Diplotaxis muralis,96869-3,37.98,0,62.02,CR
Diplotaxis tenuifolia,1028648-2,53.82,0,46.18,CR
Dipsacus fullonum,319260-1,81.63,1.59,16.78,C/CR
Dipsacus pilosus,319286-1,54.35,0,45.65,CR
Dipsacus strigosus,319300-1,70.55,18.31,11.14,C/CS
Dittrichia viscosa,201893-1,32.45,32.84,34.7,CSR
Doronicum pardalianches,329170-2,64.5,0,35.5,C/CR
Draba aizoides,282317-1,0,66.08,33.92,S/SR
Drosera anglica,321780-1,7.62,0,92.38,R
Drosera intermedia,84157-2,0,12.47,87.53,R
Drosera rotundifolia,319182-2,4.99,0,95.01,R
Dryas octopetala,724675-1,10.28,72.98,16.74,S/SR
Dryopteris affinis,17556900-1,77.36,10.28,12.36,C/CR
Dryopteris carthusiana,17390210-1,57.59,17.94,24.48,C/CSR
Dryopteris dilatata,30117034-2,72.58,16.28,11.13,C/CS
Dryopteris expansa,84669-2,71.87,13.42,14.7,C/CR
Dryopteris filix-mas,30345915-2,70.92,15.33,13.75,C/CS
Dysphania ambrosioides,1198060-2,37.47,1.82,60.7,CR
Echinochloa crus-galli,399660-1,30.26,24.45,45.3,R/CSR
Echinops exaltatus,202484-1,54.74,33.15,12.11,C/CSR
Echium vulgare,115950-1,72.85,2.06,25.09,C/CR
Elaeagnus umbellata,927281-1,28.2,26.4,45.4,R/CSR
Elatine hexandra,324687-1,0,30.01,69.99,R/SR
Elatine hydropiper,324690-1,0,0,100,R
Eleocharis acicularis,1169169-2,0,0,100,R
Eleocharis multicaulis,306968-1,15.22,84.78,0,S
Eleocharis palustris,1094314-2,16.46,70.42,13.12,S/CS
Eleocharis quinqueflora,307064-1,4.12,95.88,0,S
Eleusine indica,74675-3,19.88,33.48,46.65,SR/CSR
Elodea canadensis,90075-2,2.07,45.25,52.68,SR
Elodea nuttallii,90089-2,0,48.57,51.43,SR
Elymus caninus,400197-1,18.36,51.07,30.57,S/CSR
Elymus repens,90320-2,33.11,42.66,24.23,CS/CSR
Empetrum nigrum,30371508-2,0,100,0,S
Epilobium anagallidifolium,611612-1,0,64.06,35.94,S/SR
Epilobium brachycarpum,611683-1,6.21,15.02,78.77,R/SR
Epilobium ciliatum,611725-1,26.58,0,73.42,R/CR
Epilobium hirsutum,611919-1,40.59,16.91,42.49,CR/CSR
Epilobium montanum,612070-1,32.94,25.41,41.65,CSR
Epilobium obscurum,612128-1,36.9,0,63.1,R/CR
Epilobium palustre,612155-1,28.61,0,71.39,R/CR
Epilobium parviflorum,612163-1,31.57,0,68.43,R/CR
Epilobium roseum,612275-1,22.75,0,77.25,R/CR
Epilobium tetragonum,612378-1,18.93,32.57,48.5,SR/CSR
Epipactis atrorubens,20010355-1,35.8,25,39.21,CSR
Epipactis helleborine,633228-1,41.66,1.27,57.08,CR
Epipactis palustris,633289-1,34.84,19.05,46.11,CR/CSR
Equisetum arvense,300073-2,13.95,66.26,19.79,S/SR
Equisetum fluviatile,30041462-2,47.23,52.77,0,CS
Equisetum hyemale,92939-2,42.34,57.66,0,CS
Equisetum palustre,30039890-2,16.18,83.82,0,S
Equisetum ramosissimum,93010-2,8.97,91.03,0,S
Equisetum sylvaticum,303325-2,12.3,48.08,39.61,SR/CSR
Equisetum telmateia,20007435-1,9.84,0,90.16,R
Eragrostis cilianensis,1104599-2,3.94,56.42,39.64,SR
Eragrostis minor,401317-1,4.96,57.92,37.12,SR
Erica cinerea,328424-1,0,93.19,6.81,S
Erica tetralix,329737-1,0,97.04,2.96,S
Erigeron annuus,203539-1,17.39,39.99,42.62,SR/CSR
Erigeron borealis,93610-2,10.29,0,89.71,R
Erigeron canadensis,203653-1,13.18,36.99,49.83,SR/CSR
Erigeron speciosus,204526-1,16.9,45.44,37.66,SR/CSR
Eriophorum angustifolium,307335-1,27.34,58.15,14.51,S/CSR
Eriophorum latifolium,307375-1,16.42,59.97,23.6,S/CSR
Eriophorum vaginatum,307418-1,21.38,76.71,1.91,S/CS
Erodium cicutarium,372219-1,24.44,25.32,50.24,R/CSR
Erodium moschatum,372354-1,64.62,0,35.38,C/CR
Erophila verna,283367-1,3.46,11.3,85.24,R
Eruca vesicaria,1137625-2,47.17,0,52.83,CR
Eryngium campestre,841701-1,83.91,16.09,0,C
Eryngium maritimum,841903-1,29.43,70.57,0,S/CS
Erysimum cheiranthoides,307231-2,27.54,27.42,45.04,R/CSR
Erysimum cheiri,283703-1,45.27,31.84,22.89,CS/CSR
Euonymus europaeus,160876-1,26.29,54.13,19.58,S/CSR
Euonymus latifolius,160962-1,38.04,33.02,28.94,CSR
Eupatorium cannabinum,205581-1,44.74,16.73,38.53,CR/CSR
Euphorbia amygdaloides,345568-1,16.07,31.68,52.25,R/CSR
Euphorbia cyparissias,346205-1,11.34,59.09,29.57,S/CSR
Euphorbia dulcis,346333-1,15.06,33.74,51.2,SR/CSR
Euphorbia esula,346448-1,10.56,45.48,43.96,SR
Euphorbia exigua,346469-1,0.46,34.83,64.71,R/SR
Euphorbia helioscopia,346754-1,18.85,18.32,62.83,R/CSR
Euphorbia lathyris,347072-1,43.95,6.16,49.88,CR
Euphorbia paralias,347659-1,6.33,71.02,22.64,S/SR
Euphorbia peplus,347724-1,7.64,7.35,85.02,R
Euphrasia nemorosa,60463343-2,1.72,49.49,48.79,SR
Euphrasia officinalis,802732-1,1.14,69.91,28.95,S/SR
Euthamia graminifolia,1004467-1,21.17,61.76,17.07,S/CSR
Fagopyrum esculentum,694526-1,44.12,0,55.88,CR
Fagus sylvatica,305836-2,22.04,51.39,26.58,S/CSR
Falcaria vulgaris,842163-1,77.3,10.99,11.7,C/CR
Fallopia convolvulus,103354-2,26.45,19.86,53.69,R/CSR
Fallopia dumetorum,694568-1,32.04,26.23,41.72,CSR
Festuca heterophylla,402849-1,13.82,86.18,0,S
Festuca ovina,403212-1,1.29,84.13,14.59,S
Festuca rubra,30010036-2,13.49,67.53,18.98,S/SR
Festuca trachyphylla,60451281-2,6.81,93.19,0,S
Festuca vivipara,403725-1,1.71,90.93,7.36,S
Ficaria verna,711233-1,32.09,0,67.91,R/CR
Ficus carica,852556-1,70.18,19.35,10.47,C/CS
Filago germanica,207886-1,1.06,16.74,82.2,R/SR
Filago pyramidata,207952-1,1.16,46.3,52.54,SR
Filipendula ulmaria,724943-1,48.64,31.05,20.31,C/CSR
Filipendula vulgaris,724945-1,31.76,39.77,28.47,CSR
Foeniculum vulgare,842680-1,73.47,24.66,1.88,C/CS
Fragaria vesca,30074127-2,30.95,36.7,32.35,CSR
Frangula alnus,717344-1,28.52,39.55,31.93,CSR
Fraxinus angustifolia,332095-2,36.15,47.96,15.89,CS/CSR
Fraxinus excelsior,609009-1,43.02,44.73,12.25,CS/CSR
Fraxinus ornus,609128-1,46.79,39.74,13.47,CS/CSR
Fritillaria meleagris,535213-1,38.15,0,61.85,CR
Fumaria muralis,673038-1,26.79,17.86,55.35,R/CSR
Fumaria officinalis,30017594-2,23.28,0,76.72,R/CR
Fumaria parviflora,673065-1,33.66,0,66.34,R/CR
Fumaria vaillantii,673141-1,9.92,0,90.08,R
Gagea lutea,535577-1,33.72,0,66.28,R/CR
Gagea serotina,535653-1,57.64,27.93,14.44,C/CSR
Galanthus nivalis,64496-1,42.39,0,57.61,CR
Galatella linosyris,208467-1,6.52,79.53,13.96,S/SR
Galega officinalis,495681-1,57.72,0,42.28,CR
Galeopsis speciosa,447129-1,39.79,16.43,43.78,CR/CSR
Galeopsis tetrahit,447136-1,26.8,14.59,58.61,R/CSR
Galinsoga parviflora,208554-1,15.73,31.43,52.84,R/CSR
Galinsoga quadriradiata,208557-1,30.65,0,69.35,R/CR
Galium aparine,30007294-2,10.68,0,89.32,R
Galium boreale,749626-1,3.96,54.25,41.79,SR
Galium odoratum,750339-1,10.29,0.8,88.92,R
Galium palustre,750370-1,1.41,42.86,55.73,SR
Galium parisiense,750384-1,0,31.5,68.5,R/SR
Galium saxatile,750586-1,0,22.92,77.08,R/SR
Galium sterneri,750676-1,0,42.9,57.1,SR
Galium tricornutum,107226-2,8.35,30.47,61.18,R/SR
Galium uliginosum,750789-1,0,40.45,59.55,SR
Galium verum,750829-1,16.59,53.13,30.28,S/CSR
Genista anglica,495881-1,0,80.26,19.74,S/SR
Genista pilosa,496255-1,0.54,89.45,10.02,S
Genista tinctoria,496408-1,9.8,59.93,30.27,S/SR
Gentiana asclepiadea,367809-1,16.24,45.12,38.64,SR/CSR
Gentiana nivalis,368570-1,0,0,100,R
Gentiana pneumonanthe,368687-1,12.71,46.23,41.06,SR/CSR
Gentianella amarella,108639-2,38.5,19.44,42.06,CR/CSR
Gentianella germanica,77068284-1,9.08,75.62,15.3,S/SR
Geranium columbinum,372911-1,17.17,40.94,41.89,SR/CSR
Geranium dissectum,30210528-2,13.33,44.25,42.42,SR/CSR
Geranium lucidum,373275-1,30.16,16.6,53.24,R/CSR
Geranium molle,373335-1,26.75,14.63,58.63,R/CSR
Geranium nodosum,373379-1,45.75,17.29,36.96,CR/CSR
Geranium phaeum,373470-1,64.54,0,35.46,C/CR
Geranium pratense,322493-2,56.44,23.61,19.95,C/CSR
Geranium pusillum,60444752-2,38.88,18.4,42.72,CR/CSR
Geranium pyrenaicum,322504-2,48.6,16.16,35.24,CR/CSR
Geranium robertianum,109269-2,34.65,0,65.35,R/CR
Geranium rotundifolium,373602-1,24.34,34.4,41.26,SR/CSR
Geranium sanguineum,322494-2,24.9,31.91,43.18,SR/CSR
Geranium sylvaticum,322492-2,39.94,23.59,36.47,CR/CSR
Geum macrophyllum,725292-1,21.04,32.2,46.75,SR/CSR
Geum rivale,725355-1,51.58,22.23,26.19,C/CSR
Geum urbanum,725399-1,29.33,41.48,29.19,CSR
Ginkgo biloba,262125-1,58.18,14.63,27.19,C/CSR
Glaucium flavum,673167-1,69.68,0,30.32,C/CR
Glebionis segetum,209007-1,38.41,0,61.59,CR
Glechoma hederacea,447338-1,28.57,3.37,68.06,R/CR
Glyceria declinata,404078-1,22.48,0,77.52,R/CR
Glyceria fluitans,404100-1,19.11,41.96,38.94,SR/CSR
Glyceria maxima,404141-1,54.2,27.62,18.18,C/CSR
Glyceria notata,60437219-2,24.1,19.98,55.92,R/CSR
Gnaphalium uliginosum,210174-1,5.44,0,94.56,R
Griselinia littoralis,271806-1,56.31,43.69,0,CS
Groenlandia densa,602950-1,3.22,22.55,74.23,R/SR
Guizotia abyssinica,210735-1,54.32,0,45.68,CR
Gymnadenia conopsea,636509-1,54.38,0,45.62,CR
Gymnocarpium dryopteris,17112110-1,46,6.34,47.66,CR
Gymnocarpium robertianum,17112130-1,29.05,37.97,32.98,CSR
Gypsophila paniculata,154563-1,14.43,66.75,18.82,S/SR
Hedera helix,90723-1,34.87,50.51,14.61,CS/CSR
Helianthemum nummularium,169032-1,14.23,25.24,60.52,R/CSR
Helianthus annuus,119003-2,82.84,0,17.16,C/CR
Helianthus tuberosus,329252-2,79.45,0,20.55,C/CR
Helleborus foetidus,711317-1,71.48,13.27,15.25,C/CR
Helleborus viridis,711386-1,80.43,16.47,3.1,C/CS
Helminthotheca echioides,213702-1,44.45,0,55.55,CR
Hepatica nobilis,711404-1,39.39,31.88,28.73,CSR
Heracleum mantegazzianum,843084-1,86.91,1.6,11.49,C
Heracleum sphondylium,843179-1,74.8,9.34,15.86,C/CR
Herminium monorchis,638624-1,15.67,0,84.33,R
Herniaria glabra,434799-1,0,33.47,66.53,R/SR
Herniaria hirsuta,434804-1,0,36.26,63.74,R/SR
Hesperis matronalis,285087-1,38.49,0,61.51,CR
Hieracium alpinum,214622-1,25.81,1.95,72.24,R/CR
Hieracium amplexicaule,214716-1,63.61,0,36.39,C/CR
Hieracium sabaudum,222584-1,35.39,0,64.61,R/CR
Hieracium umbellatum,224435-1,28.75,32.55,38.7,CSR
Hierochloe odorata,404911-1,0.88,17.64,81.48,R/SR
Himantoglossum hircinum,638840-1,63.1,0,36.9,C/CR
Hippocrepis comosa,498352-1,17.67,53.02,29.31,S/CSR
Hippuris vulgaris,430352-1,2.87,0,97.13,R
Hirschfeldia incana,285350-1,66.55,0,33.45,C/CR
Holcus lanatus,405034-1,20.54,35.17,44.28,SR/CSR
Holcus mollis,123530-2,23.33,22.26,54.41,R/CSR
Homogyne alpina,225016-1,42.61,5.2,52.19,CR
Hordelymus europaeus,405133-1,29.65,22.37,47.98,R/CSR
Hordeum distichon,405212-1,45.1,3.41,51.49,CR
Hordeum jubatum,405267-1,10.09,44.99,44.91,SR
Hordeum marinum,30066468-2,1.13,32.15,66.72,R/SR
Hordeum murinum,405301-1,10.56,43.88,45.55,SR
Hordeum secalinum,405352-1,15.93,32.64,51.43,R/CSR
Hordeum vulgare,405391-1,45.05,6.64,48.32,CR
Hornungia petraea,285375-1,0,0,100,R
Hottonia palustris,701007-1,6.59,0,93.41,R
Humulus lupulus,303502-2,40.6,31.2,28.2,CSR
Huperzia selago,1140250-2,0,80.5,19.5,S/SR
Hyacinthoides hispanica,536678-1,19.31,67.81,12.89,S/CS
Hyacinthoides non-scripta,971733-1,60.86,0,39.14,CR
Hydrocharis morsus-ranae,431799-1,33.23,0,66.77,R/CR
Hydrocotyle vulgaris,843768-1,25.99,0,74.01,R/CR
Hyoscyamus niger,815932-1,56.73,0,43.27,CR
Hypericum calycinum,433287-1,33.33,59.78,6.89,S/CS
Hypericum elodes,433400-1,5.89,26.44,67.68,R/SR
Hypericum hirsutum,433492-1,14.14,42.13,43.73,SR/CSR
Hypericum humifusum,433500-1,2.24,54.42,43.34,SR
Hypericum maculatum,325096-2,16.7,41.76,41.53,SR/CSR
Hypericum montanum,433620-1,15.54,45.02,39.44,SR/CSR
Hypericum perforatum,433719-1,8.59,52.92,38.49,SR
Hypericum pulchrum,433764-1,5.53,64.37,30.09,S/SR
Hypericum tetrapterum,433905-1,11.82,19.95,68.23,R/SR
Hypochaeris glabra,225504-1,32.49,0,67.51,R/CR
Hypochaeris maculata,225539-1,56.52,0,43.48,CR
Hypochaeris radicata,225575-1,32.42,0,67.58,R/CR
Hyssopus officinalis,127231-2,13.69,29.21,57.1,R/CSR
Iberis umbellata,324671-2,24.35,0,75.65,R/CR
Ilex aquifolium,83051-1,33.13,66.87,0,S/CS
Illecebrum verticillatum,302405-2,0,0,100,R
Impatiens capensis,30008241-2,38.38,0,61.62,CR
Impatiens glandulifera,30221088-2,55.07,0,44.93,CR
Impatiens noli-tangere,30208246-2,31.79,0,68.21,R/CR
Impatiens parviflora,374266-1,37.25,0,62.75,R/CR
Inula helenium,225914-1,65.79,24.85,9.36,C/CS
Inula salicina,226092-1,21.82,34.83,43.35,SR/CSR
Iris foetidissima,438606-1,61.96,36.27,1.77,C/CS
Iris germanica,438637-1,30.31,65.86,3.83,S/CS
Iris pseudacorus,438992-1,73.63,16.6,9.76,C/CS
Iris spuria,439117-1,51.56,48.44,0,CS
Isatis tinctoria,285873-1,57.83,0,42.17,CR
Isolepis setacea,309559-1,6.7,5.85,87.45,R
Jacobaea aquatica,226583-1,53.49,0,46.51,CR
Jacobaea erucifolia,226598-1,37.62,40.97,21.41,CS/CSR
Jacobaea paludosa,226621-1,57.57,0,42.43,CR
Jacobaea vulgaris,226649-1,63.73,0,36.27,C/CR
Jasione montana,142679-1,1.36,30.93,67.72,R/SR
Juglans regia,442427-1,47.37,37.57,15.05,CS/CSR
Juncus acutiflorus,133720-3,45.46,40.33,14.2,CS/CSR
Juncus alpinoarticulatus,77177309-1,5.59,84.64,9.77,S
Juncus articulatus,442698-1,29.78,37.65,32.57,CSR
Juncus biglumis,442732-1,0,85.11,14.89,S
Juncus bufonius,30079279-2,10.73,0,89.27,R
Juncus bulbosus,324840-2,0.23,51.24,48.53,SR
Juncus castaneus,442797-1,13.86,55.75,30.38,S/CSR
Juncus compressus,442830-1,13.81,66.45,19.74,S/SR
Juncus conglomeratus,442841-1,22.25,77.75,0,S/CS
Juncus effusus,442917-1,36.4,56.02,7.58,CS
Juncus filiformis,442961-1,34.74,63.24,2.01,S/CS
Juncus gerardii,30116907-2,23.9,55.43,20.67,S/CSR
Juncus inflexus,443065-1,42.6,57.4,0,CS
Juncus maritimus,443185-1,18.79,81.21,0,S/CS
Juncus ranarius,443410-1,0,22.72,77.28,R/SR
Juncus squarrosus,443512-1,3.89,96.11,0,S
Juncus subnodulosus,443536-1,16.83,83.17,0,S/CS
Juncus tenuis,304453-2,5.11,86.61,8.28,S
Juncus trifidus,443605-1,6.1,79.51,14.4,S/SR
Juniperus communis,30088655-2,0,100,0,S
Kalmia angustifolia,133210-2,10.74,89.26,0,S
Kickxia elatine,804092-1,9.06,5.14,85.79,R
Kickxia spuria,804122-1,33.15,7.41,59.44,R/CR
Knautia arvensis,319318-1,56.71,7.79,35.51,CR
Koeleria macrantha,406615-1,7.33,82.49,10.17,S
Laburnum anagyroides,501428-1,30.35,39.33,30.32,CSR
Lactuca serriola,228255-1,53.38,10.18,36.44,CR
Lactuca tatarica,228306-1,51.27,0,48.73,CR
Lactuca virosa,329493-2,63.36,5.48,31.16,C/CR
Lagurus ovatus,406799-1,13.08,48.19,38.73,SR/CSR
Lamium album,448792-1,39.46,2.36,58.17,CR
Lamium amplexicaule,448797-1,20.39,0,79.61,R/CR
Lamium maculatum,448886-1,32.09,16.11,51.8,R/CSR
Lamium purpureum,448939-1,23.33,0,76.67,R/CR
Laphangium luteoalbum,977249-1,7.94,15.86,76.19,R/SR
Lappula squarrosa,117629-1,19.39,21.25,59.36,R/CSR
Lapsana communis,228732-1,48.12,0,51.88,CR
Larix decidua,262420-1,0,88.25,11.75,S
Lathyrus heterophyllus,501749-1,53.23,19.67,27.11,C/CSR
Lathyrus latifolius,501802-1,58.82,19.65,21.53,C/CSR
Lathyrus niger,501886-1,36.45,22.36,41.19,CR/CSR
Lathyrus nissolia,501889-1,38.26,19.41,42.34,CR/CSR
Lathyrus odoratus,501909-1,37.88,20.19,41.93,CR/CSR
Lathyrus palustris,501920-1,43.06,1.94,55,CR
Lathyrus pratensis,501954-1,14.4,43.75,41.85,SR/CSR
Lathyrus sativus,501990-1,38.66,0,61.34,CR
Lathyrus tuberosus,502065-1,18.86,22.79,58.35,R/CSR
Lathyrus vernus,502084-1,33.22,21.2,45.58,CR/CSR
Laurus nobilis,465049-1,41.83,54.05,4.11,CS
Lavandula angustifolia,449008-1,1.27,94.54,4.18,S
Leersia oryzoides,1109632-2,17.25,46.14,36.6,SR/CSR
Legousia hybrida,142775-1,3.41,0,96.59,R
Legousia speculum-veneris,60457789-2,6.82,0,93.18,R
Lemna gibba,526178-1,0,0,100,R
Lemna minor,526194-1,0,0,100,R
Lemna trisulca,526223-1,0,0,100,R
Leontodon hispidus,229358-1,47.53,0,52.47,CR
Lepidium campestre,286087-1,23.74,15.17,61.08,R/CSR
Lepidium coronopus,60433916-2,2.77,0,97.23,R
Lepidium densiflorum,286137-1,15.66,0,84.34,R
Lepidium didymum,286148-1,10.33,0,89.67,R
Lepidium draba,286156-1,49.32,0,50.68,CR
Lepidium latifolium,286262-1,70.17,1.65,28.17,C/CR
Lepidium perfoliatum,286336-1,2.89,80.19,16.92,S/SR
Lepidium ruderale,30265500-2,11.44,0,88.56,R
Lepidium sativum,138141-2,33.54,0,66.46,R/CR
Lepidium virginicum,138164-2,21.39,14.56,64.05,R/CR
Leptospermum scoparium,597505-1,0,100,0,S
Leucanthemum vulgare,30296198-2,27.28,22.21,50.51,R/CSR
Leucojum aestivum,65743-1,67.13,0,32.87,C/CR
Leucojum vernum,65769-1,48.97,0,51.03,CR
Levisticum officinale,844187-1,80.82,4.95,14.22,C/CR
Leymus arenarius,407309-1,54.71,45.29,0,CS
Ligustrum vulgare,610130-1,17.1,69.8,13.09,S/CS
Lilium martagon,537662-1,55.5,0,44.5,CR
Limbarda crithmoides,230899-1,3.08,93.42,3.5,S
Limonium binervosum,686665-1,9.84,70.11,20.06,S/SR
Limonium vulgare,687035-1,65.28,27.67,7.05,C/CS
Limosella aquatica,804380-1,0,0,100,R
Linaria dalmatica,1052356-2,32.99,33.92,33.1,CSR
Linaria purpurea,1016392-2,5.49,24.4,70.11,R/SR
Linaria repens,804897-1,21.68,18.77,59.55,R/CSR
Linaria vulgaris,325777-2,4.69,31.76,63.56,R/SR
Linnaea borealis,140689-2,6.03,43.4,50.57,SR
Linum catharticum,544405-1,0,50.29,49.71,SR
Linum perenne,544634-1,1.26,21.92,76.82,R/SR
Linum usitatissimum,544772-1,1.99,2.08,95.93,R
Liparis loeselii,641004-1,30.49,0,69.51,R/CR
Lithospermum officinale,118163-1,30.49,27.64,41.87,CSR
Littorella uniflora,684810-1,2.17,92.88,4.95,S
Lobelia dortmanna,143206-1,20.64,0,79.36,R/CR
Lolium multiflorum,407486-1,34.5,15.33,50.17,CR/CSR
Lolium perenne,407493-1,35.51,34.07,30.42,CSR
Lolium temulentum,407516-1,32.63,27.58,39.79,CSR
Lonicera caprifolium,148670-1,31.83,38.72,29.45,CSR
Lonicera periclymenum,149006-1,25.45,50.32,24.23,S/CSR
Lonicera xylosteum,149194-1,19.57,48.87,31.56,S/CSR
Lotus corniculatus,30179739-2,14.13,36.75,49.12,SR/CSR
Lotus pedunculatus,503822-1,21.95,22.84,55.21,R/CSR
Lotus tenuis,503917-1,16.8,0,83.2,R/CR
Ludwigia palustris,30031106-2,12.86,23.41,63.74,R/SR
Lunaria annua,286647-1,59.34,0,40.66,CR
Lupinus albus,504069-1,69.17,0,30.83,C/CR
Lupinus angustifolius,504124-1,37.92,0,62.08,CR
Lupinus luteus,504707-1,58.61,0,41.39,CR
Lupinus polyphyllus,504939-1,74.87,0.72,24.41,C/CR
Luronium natans,58435-1,13.78,0,86.22,R
Luzula campestris,443746-1,10.03,40.84,49.13,SR
Luzula luzuloides,146224-2,21.11,37.98,40.91,SR/CSR
Luzula multiflora,1159940-2,12.2,36.16,51.64,SR/CSR
Luzula pilosa,443907-1,22.37,31.87,45.77,SR/CSR
Luzula spicata,443940-1,6.05,68.25,25.7,S/SR
Luzula sylvatica,20009373-1,23.8,48.09,28.11,S/CSR
Lycium barbarum,816356-1,56.38,1.18,42.44,CR
Lycopodiella inundata,146933-2,0,0,100,R
Lycopodium annotinum,304983-2,0,68.41,31.59,S/SR
Lycopodium clavatum,304307-2,0,70.85,29.15,S/SR
Lycopus europaeus,449641-1,29.77,14.55,55.68,R/CSR
Lysimachia europaea,77100395-1,17.19,8.27,74.53,R/CR
Lysimachia maritima,77068343-1,15.19,18.8,66.01,R/SR
Lysimachia nemorum,701254-1,14.26,20.72,65.02,R/SR
Lysimachia nummularia,701260-1,12.02,28.52,59.46,R/CSR
Lysimachia punctata,701308-1,38.63,29.29,32.08,CSR
Lysimachia thyrsiflora,148161-2,32.55,14.86,52.6,R/CSR
Lysimachia vulgaris,701414-1,36.81,25.28,37.9,CSR
Lythrum hyssopifolia,147982-2,0,38.9,61.1,SR
Lythrum portula,553777-1,0.66,54.14,45.19,SR
Lythrum salicaria,147990-2,27.56,39.45,32.99,CSR
Maianthemum bifolium,30042358-2,32.24,12.46,55.3,R/CSR
Malus sylvestris,726415-1,23.44,62.99,13.57,S/CSR
Malva alcea,561521-1,40.84,0,59.16,CR
Malva moschata,561790-1,47.41,22.77,29.82,C/CSR
Malva neglecta,561795-1,13.28,47.49,39.23,SR/CSR
Malva pusilla,561868-1,49.92,0,50.08,CR
Malva sylvestris,561932-1,67.29,1.76,30.94,C/CR
Malva verticillata,561971-1,68.93,6.4,24.67,C/CR
Marrubium vulgare,449990-1,34.9,51.7,13.4,CS/CSR
Matricaria discoidea,154716-2,27.53,0,72.47,R/CR
Matteuccia struthiopteris,17145680-1,71.07,13.5,15.43,C/CR
Matthiola incana,286910-1,40.78,0,59.22,CR
Medicago arabica,58427-3,26.09,6.97,66.93,R/CR
Medicago littoralis,506264-1,6.11,70.92,22.97,S/SR
Medicago lupulina,506268-1,16.9,35.67,47.43,SR/CSR
Medicago minima,77089103-1,4.42,58.45,37.12,SR
Medicago polymorpha,60465997-2,21.1,32.19,46.71,SR/CSR
Medicago sativa,30234961-2,22.51,44.62,32.86,SR/CSR
Melampyrum arvense,805620-1,20.06,18.55,61.39,R/CSR
Melampyrum cristatum,805650-1,21.57,15.08,63.35,R/CSR
Melampyrum pratense,805713-1,14.7,31.25,54.05,R/CSR
Melampyrum sylvaticum,805739-1,18.15,0,81.85,R/CR
Melica nutans,408086-1,13.69,46.14,40.17,SR/CSR
Melica uniflora,408184-1,12.04,32.4,55.57,R/CSR
Melilotus albus,156656-2,29.31,34.1,36.59,CSR
